# 5 20
#   rm     tet   Te         nh          n(1-7                                                                                          ne
 2.20000 0.73988 11593.1  0.22762E+13  0.95610E+10  0.14387E+07  0.14790E+06  0.80400E+05  0.79085E+05  0.92156E+05  0.11175E+06  0.22666E+13
 2.20000 0.74831 10767.9  0.21808E+13  0.27281E+11  0.18754E+07  0.17090E+06  0.87664E+05  0.83530E+05  0.95839E+05  0.11520E+06  0.21535E+13
 2.20000 0.75936  9891.4  0.20644E+13  0.96371E+11  0.24912E+07  0.19421E+06  0.92101E+05  0.84097E+05  0.94544E+05  0.11237E+06  0.19680E+13
 2.20000 0.77381  9026.5  0.19256E+13  0.36319E+12  0.29689E+07  0.18670E+06  0.77678E+05  0.66054E+05  0.71957E+05  0.84161E+05  0.15624E+13
 2.20000 0.79266  8248.8  0.17648E+13  0.95654E+12  0.22627E+07  0.10455E+06  0.33176E+05  0.23710E+05  0.23990E+05  0.27152E+05  0.80829E+12
 2.20000 0.81720  7629.3  0.15848E+13  0.13406E+13  0.98877E+06  0.33197E+05  0.73721E+04  0.36789E+04  0.30380E+04  0.31218E+04  0.24429E+12
 2.20000 0.84906  7211.1  0.13918E+13  0.13265E+13  0.39770E+06  0.90822E+04  0.15741E+04  0.58150E+03  0.36449E+03  0.31148E+03  0.65241E+11
 2.20000 0.89031  6990.0  0.11950E+13  0.11718E+13  0.20855E+06  0.27625E+04  0.36754E+03  0.12021E+03  0.68673E+02  0.53536E+02  0.23251E+11
 2.20000 0.94361  6914.6  0.10070E+13  0.99329E+12  0.14639E+06  0.14035E+04  0.15416E+03  0.47144E+02  0.26972E+02  0.20952E+02  0.13657E+11
 2.20000 1.01241  6913.3  0.84196E+12  0.83122E+12  0.12186E+06  0.10976E+04  0.11240E+03  0.32576E+02  0.18102E+02  0.13888E+02  0.10744E+11
 2.20000 1.08144  6916.7  0.73858E+12  0.72851E+12  0.10783E+06  0.10410E+04  0.11115E+03  0.32284E+02  0.17491E+02  0.13015E+02  0.10065E+11
 2.20000 1.14559  6894.3  0.68497E+12  0.67578E+12  0.94859E+05  0.93418E+03  0.10110E+03  0.29407E+02  0.15783E+02  0.11594E+02  0.91947E+10
 2.20000 1.20548  6845.0  0.66787E+12  0.66025E+12  0.82062E+05  0.75811E+03  0.77656E+02  0.21786E+02  0.11553E+02  0.84668E+01  0.76185E+10
 2.20000 1.26159  6768.2  0.68305E+12  0.67710E+12  0.69064E+05  0.55055E+03  0.50495E+02  0.13441E+02  0.71528E+01  0.53089E+01  0.59524E+10
 2.20000 1.31425  6665.1  0.73323E+12  0.72843E+12  0.56701E+05  0.39083E+03  0.32270E+02  0.83089E+01  0.45475E+01  0.34562E+01  0.47998E+10
 2.20000 1.36375  6536.1  0.82959E+12  0.82549E+12  0.45482E+05  0.29132E+03  0.23010E+02  0.59594E+01  0.33222E+01  0.25449E+01  0.40981E+10
 2.20000 1.41031  6379.0  0.99902E+12  0.99582E+12  0.35078E+05  0.18440E+03  0.12289E+02  0.31462E+01  0.18434E+01  0.14691E+01  0.32026E+10
 2.20000 1.45414  6186.4  0.13078E+13  0.13054E+13  0.25933E+05  0.10759E+03  0.57630E+01  0.15212E+01  0.95878E+00  0.80697E+00  0.24700E+10
 2.20000 1.49539  5939.2  0.19583E+13  0.19565E+13  0.17649E+05  0.51624E+02  0.20946E+01  0.60756E+00  0.41485E+00  0.37108E+00  0.18011E+10
 2.20000 1.53423  5576.2  0.39660E+13  0.39648E+13  0.10168E+05  0.19405E+02  0.69035E+00  0.24961E+00  0.19264E+00  0.18839E+00  0.12684E+10

 2.40000 0.70167 11603.4  0.22480E+13  0.93251E+10  0.14153E+07  0.14502E+06  0.78500E+05  0.77084E+05  0.89781E+05  0.10885E+06  0.22386E+13
 2.40000 0.71071 10661.3  0.21380E+13  0.31101E+11  0.19147E+07  0.17074E+06  0.86418E+05  0.81787E+05  0.93567E+05  0.11230E+06  0.21069E+13
 2.40000 0.72253  9694.8  0.20053E+13  0.12815E+12  0.25960E+07  0.19330E+06  0.89154E+05  0.80219E+05  0.89603E+05  0.10614E+06  0.18772E+13
 2.40000 0.73797  8783.9  0.18493E+13  0.50528E+12  0.28722E+07  0.16578E+06  0.64506E+05  0.52791E+05  0.56605E+05  0.65725E+05  0.13440E+13
 2.40000 0.75806  8012.8  0.16714E+13  0.11247E+13  0.17414E+07  0.71436E+05  0.19789E+05  0.12616E+05  0.12087E+05  0.13357E+05  0.54667E+12
 2.40000 0.78415  7448.2  0.14761E+13  0.13333E+13  0.67444E+06  0.19934E+05  0.39680E+04  0.17092E+04  0.12527E+04  0.12007E+04  0.14278E+12
 2.40000 0.81790  7112.7  0.12712E+13  0.12320E+13  0.29411E+06  0.52869E+04  0.81259E+03  0.27841E+03  0.16243E+03  0.13050E+03  0.39245E+11
 2.40000 0.86146  6972.7  0.10676E+13  0.10501E+13  0.17874E+06  0.19733E+04  0.23210E+03  0.72162E+02  0.41177E+02  0.32118E+02  0.17544E+11
 2.40000 0.91752  6960.2  0.87779E+12  0.86548E+12  0.14239E+06  0.13142E+04  0.13497E+03  0.39178E+02  0.22032E+02  0.17076E+02  0.12306E+11
 2.40000 0.98963  7000.5  0.71494E+12  0.70411E+12  0.12766E+06  0.12414E+04  0.12659E+03  0.35167E+02  0.18757E+02  0.14095E+02  0.10826E+11
 2.40000 1.06175  7025.0  0.61368E+12  0.60336E+12  0.11608E+06  0.12262E+04  0.13164E+03  0.36800E+02  0.18971E+02  0.13668E+02  0.10319E+11
 2.40000 1.12863  7012.7  0.55957E+12  0.55015E+12  0.10295E+06  0.11132E+04  0.12085E+03  0.33696E+02  0.17177E+02  0.12213E+02  0.94144E+10
 2.40000 1.19100  6964.8  0.53826E+12  0.53061E+12  0.88624E+05  0.88805E+03  0.90441E+02  0.24180E+02  0.12141E+02  0.86181E+01  0.76470E+10
 2.40000 1.24937  6884.0  0.54452E+12  0.53870E+12  0.73652E+05  0.62220E+03  0.55793E+02  0.14012E+02  0.70665E+01  0.51167E+01  0.58139E+10
 2.40000 1.30413  6774.2  0.57940E+12  0.57488E+12  0.59541E+05  0.41759E+03  0.32704E+02  0.78125E+01  0.40872E+01  0.30656E+01  0.45240E+10
 2.40000 1.35559  6637.2  0.65100E+12  0.64737E+12  0.46601E+05  0.27323E+03  0.19106E+02  0.45411E+01  0.24770E+01  0.18938E+01  0.36286E+10
 2.40000 1.40399  6470.8  0.77978E+12  0.77696E+12  0.35488E+05  0.15898E+03  0.89151E+01  0.21518E+01  0.12813E+01  0.10454E+01  0.28135E+10
 2.40000 1.44954  6268.1  0.10169E+13  0.10148E+13  0.25634E+05  0.76684E+02  0.30475E+01  0.81958E+00  0.54907E+00  0.48535E+00  0.20761E+10
 2.40000 1.49242  6010.2  0.15187E+13  0.15171E+13  0.17307E+05  0.32503E+02  0.94150E+00  0.31362E+00  0.24112E+00  0.23471E+00  0.15337E+10
 2.40000 1.53279  5634.8  0.30712E+13  0.30702E+13  0.96776E+04  0.11559E+02  0.31802E+00  0.13293E+00  0.11382E+00  0.11992E+00  0.10572E+10

 2.60000 0.66896 11611.3  0.22266E+13  0.91483E+10  0.13978E+07  0.14286E+06  0.77075E+05  0.75584E+05  0.88001E+05  0.10668E+06  0.22174E+13
 2.60000 0.67856 10556.8  0.21024E+13  0.35548E+11  0.19598E+07  0.17118E+06  0.85579E+05  0.80481E+05  0.91815E+05  0.11004E+06  0.20668E+13
 2.60000 0.69110  9511.0  0.19542E+13  0.16815E+12  0.26878E+07  0.19127E+06  0.85772E+05  0.76023E+05  0.84360E+05  0.99600E+05  0.17860E+13
 2.60000 0.70744  8569.0  0.17821E+13  0.65901E+12  0.26689E+07  0.14135E+06  0.51022E+05  0.39872E+05  0.41942E+05  0.48288E+05  0.11231E+13
 2.60000 0.72866  7819.5  0.15891E+13  0.12229E+13  0.13129E+07  0.48668E+05  0.11955E+05  0.67346E+04  0.60249E+04  0.64496E+04  0.36629E+12
 2.60000 0.75614  7317.3  0.13813E+13  0.12922E+13  0.49210E+06  0.12647E+05  0.23089E+04  0.89467E+03  0.59152E+03  0.52822E+03  0.89136E+11
 2.60000 0.79159  7058.4  0.11680E+13  0.11409E+13  0.23951E+06  0.34736E+04  0.47272E+03  0.15347E+03  0.87173E+02  0.68433E+02  0.27101E+11
 2.60000 0.83718  6986.4  0.96094E+12  0.94593E+12  0.16612E+06  0.16714E+04  0.18090E+03  0.53793E+02  0.30573E+02  0.23912E+02  0.15008E+11
 2.60000 0.89565  7022.5  0.77267E+12  0.76037E+12  0.14536E+06  0.14272E+04  0.14576E+03  0.40837E+02  0.22260E+02  0.17038E+02  0.12302E+11
 2.60000 0.97060  7099.0  0.61474E+12  0.60297E+12  0.13820E+06  0.15427E+04  0.16522E+03  0.45150E+02  0.22968E+02  0.16672E+02  0.11767E+11
 2.60000 1.04534  7146.0  0.51771E+12  0.50587E+12  0.12949E+06  0.16340E+04  0.18880E+03  0.52643E+02  0.25958E+02  0.17958E+02  0.11836E+11
 2.60000 1.11452  7143.7  0.46516E+12  0.45450E+12  0.11579E+06  0.14858E+04  0.17211E+03  0.47537E+02  0.23082E+02  0.15705E+02  0.10658E+11
 2.60000 1.17896  7095.6  0.44225E+12  0.43413E+12  0.98878E+05  0.11304E+04  0.11934E+03  0.31038E+02  0.14656E+02  0.99120E+01  0.81240E+10
 2.60000 1.23922  7006.9  0.44322E+12  0.43739E+12  0.80619E+05  0.74255E+03  0.66747E+02  0.16003E+02  0.75399E+01  0.52393E+01  0.58293E+10
 2.60000 1.29573  6886.6  0.46808E+12  0.46380E+12  0.63620E+05  0.45287E+03  0.33648E+02  0.74612E+01  0.36862E+01  0.27173E+01  0.42786E+10
 2.60000 1.34882  6737.9  0.52280E+12  0.51952E+12  0.48645E+05  0.26243E+03  0.16179E+02  0.35187E+01  0.18851E+01  0.14493E+01  0.32771E+10
 2.60000 1.39875  6559.4  0.62336E+12  0.62091E+12  0.36080E+05  0.13232E+03  0.59335E+01  0.13498E+01  0.82804E+00  0.69826E+00  0.24517E+10
 2.60000 1.44573  6345.0  0.81018E+12  0.80832E+12  0.25734E+05  0.61678E+02  0.19331E+01  0.53399E+00  0.38247E+00  0.35649E+00  0.18578E+10
 2.60000 1.48996  6076.1  0.12073E+13  0.12060E+13  0.16785E+05  0.22845E+02  0.50905E+00  0.18544E+00  0.15181E+00  0.15362E+00  0.13237E+10
 2.60000 1.53160  5688.5  0.24386E+13  0.24377E+13  0.91330E+04  0.75959E+01  0.17100E+00  0.77125E-01  0.69524E-01  0.75604E-01  0.89521E+09

 2.80000 0.64052 11617.7  0.22098E+13  0.90111E+10  0.13841E+07  0.14119E+06  0.75967E+05  0.74417E+05  0.86616E+05  0.10500E+06  0.22008E+13
 2.80000 0.65065 10453.9  0.20716E+13  0.40720E+11  0.20093E+07  0.17201E+06  0.84995E+05  0.79444E+05  0.90385E+05  0.10817E+06  0.20309E+13
 2.80000 0.66385  9338.7  0.19085E+13  0.21738E+12  0.27591E+07  0.18763E+06  0.81716E+05  0.71288E+05  0.78565E+05  0.92442E+05  0.16911E+13
 2.80000 0.68103  8379.1  0.17216E+13  0.80812E+12  0.23904E+07  0.11640E+06  0.38721E+05  0.28635E+05  0.29421E+05  0.33528E+05  0.91349E+12
 2.80000 0.70329  7661.9  0.15153E+13  0.12667E+13  0.99532E+06  0.33753E+05  0.75182E+04  0.37611E+04  0.31118E+04  0.32020E+04  0.24859E+12
 2.80000 0.73204  7223.9  0.12972E+13  0.12381E+13  0.38289E+06  0.83968E+04  0.14099E+04  0.50678E+03  0.31010E+03  0.26070E+03  0.59115E+11
 2.80000 0.76902  7034.4  0.10780E+13  0.10570E+13  0.20936E+06  0.25867E+04  0.31695E+03  0.98459E+02  0.55660E+02  0.43582E+02  0.21089E+11
 2.80000 0.81641  7018.7  0.87018E+12  0.85632E+12  0.16242E+06  0.15882E+04  0.16372E+03  0.46826E+02  0.26251E+02  0.20481E+02  0.13859E+11
 2.80000 0.87701  7096.8  0.68557E+12  0.67286E+12  0.15339E+06  0.16405E+04  0.17044E+03  0.46503E+02  0.24330E+02  0.18194E+02  0.12707E+11
 2.80000 0.95443  7211.0  0.53405E+12  0.51983E+12  0.15450E+06  0.21200E+04  0.25256E+03  0.70367E+02  0.34512E+02  0.24095E+02  0.14216E+11
 2.80000 1.03144  7288.1  0.44221E+12  0.42554E+12  0.15063E+06  0.25189E+04  0.34061E+03  0.10045E+03  0.49326E+02  0.33368E+02  0.16668E+11
 2.80000 1.10259  7299.1  0.39222E+12  0.37665E+12  0.13669E+06  0.23670E+04  0.32453E+03  0.95500E+02  0.46422E+02  0.30918E+02  0.15574E+11
 2.80000 1.16878  7249.0  0.36914E+12  0.35792E+12  0.11605E+06  0.17778E+04  0.22302E+03  0.61842E+02  0.28793E+02  0.18575E+02  0.11224E+11
 2.80000 1.23064  7146.0  0.36695E+12  0.36009E+12  0.92178E+05  0.10553E+04  0.10742E+03  0.26577E+02  0.11896E+02  0.77169E+01  0.68647E+10
 2.80000 1.28863  7007.7  0.38502E+12  0.38070E+12  0.70089E+05  0.54804E+03  0.41643E+02  0.89215E+01  0.40795E+01  0.28679E+01  0.43258E+10
 2.80000 1.34310  6841.5  0.42782E+12  0.42475E+12  0.51748E+05  0.27586E+03  0.15796E+02  0.31497E+01  0.16185E+01  0.12443E+01  0.30704E+10
 2.80000 1.39432  6647.8  0.50810E+12  0.50587E+12  0.37214E+05  0.12611E+03  0.49197E+01  0.10283E+01  0.63585E+00  0.54999E+00  0.22300E+10
 2.80000 1.44251  6419.6  0.65846E+12  0.65677E+12  0.25852E+05  0.55857E+02  0.14887E+01  0.40138E+00  0.29855E+00  0.28825E+00  0.16856E+10
 2.80000 1.48788  6138.0  0.97932E+12  0.97814E+12  0.16464E+05  0.18846E+02  0.34464E+00  0.13212E+00  0.11370E+00  0.11898E+00  0.11831E+10
 2.80000 1.53059  5738.1  0.19760E+13  0.19752E+13  0.87601E+04  0.55584E+01  0.10309E+00  0.50853E-01  0.48244E-01  0.54164E-01  0.78471E+09

 3.00000 0.61548 11623.0  0.21963E+13  0.89014E+10  0.13732E+07  0.13985E+06  0.75082E+05  0.73485E+05  0.85509E+05  0.10365E+06  0.21874E+13
 3.00000 0.62610 10353.2  0.20443E+13  0.46661E+11  0.20616E+07  0.17305E+06  0.84552E+05  0.78562E+05  0.89143E+05  0.10654E+06  0.19976E+13
 3.00000 0.63993  9177.6  0.18668E+13  0.27604E+12  0.28023E+07  0.18207E+06  0.76873E+05  0.65929E+05  0.72132E+05  0.84572E+05  0.15908E+13
 3.00000 0.65789  8211.3  0.16662E+13  0.93888E+12  0.20793E+07  0.93522E+05  0.28580E+05  0.19821E+05  0.19787E+05  0.22270E+05  0.72732E+12
 3.00000 0.68111  7534.2  0.14481E+13  0.12752E+13  0.77076E+06  0.24010E+05  0.49480E+04  0.22315E+04  0.17034E+04  0.16750E+04  0.17295E+12
 3.00000 0.71103  7159.4  0.12217E+13  0.11805E+13  0.31273E+06  0.57613E+04  0.88161E+03  0.29909E+03  0.17386E+03  0.14014E+03  0.41236E+11
 3.00000 0.74940  7032.2  0.99882E+12  0.98090E+12  0.19274E+06  0.21459E+04  0.24277E+03  0.72633E+02  0.41039E+02  0.32223E+02  0.17922E+11
 3.00000 0.79843  7063.4  0.79198E+12  0.77847E+12  0.16409E+06  0.16395E+04  0.16612E+03  0.46054E+02  0.25210E+02  0.19485E+02  0.13512E+11
 3.00000 0.86093  7181.8  0.61236E+12  0.59779E+12  0.16610E+06  0.20960E+04  0.23690E+03  0.65254E+02  0.32857E+02  0.23786E+02  0.14566E+11
 3.00000 0.94052  7343.1  0.46799E+12  0.44674E+12  0.17865E+06  0.32765E+04  0.46492E+03  0.14013E+03  0.70112E+02  0.48714E+02  0.21248E+11
 3.00000 1.01949  7464.4  0.38170E+12  0.35316E+12  0.18379E+06  0.42275E+04  0.67483E+03  0.21491E+03  0.11119E+03  0.79225E+02  0.28542E+11
 3.00000 1.09235  7500.0  0.33471E+12  0.30612E+12  0.17185E+06  0.41878E+04  0.68414E+03  0.21877E+03  0.11294E+03  0.80263E+02  0.28592E+11
 3.00000 1.16005  7447.5  0.31221E+12  0.29096E+12  0.14610E+06  0.33071E+04  0.51511E+03  0.15785E+03  0.77506E+02  0.52183E+02  0.21249E+11
 3.00000 1.22329  7318.8  0.30815E+12  0.29778E+12  0.11278E+06  0.18680E+04  0.23765E+03  0.64098E+02  0.28436E+02  0.17505E+02  0.10375E+11
 3.00000 1.28255  7147.4  0.32149E+12  0.31674E+12  0.81204E+05  0.77742E+03  0.65310E+02  0.13935E+02  0.57892E+01  0.37587E+01  0.47565E+10
 3.00000 1.33820  6953.9  0.35563E+12  0.35259E+12  0.56774E+05  0.32618E+03  0.18577E+02  0.34385E+01  0.16383E+01  0.12264E+01  0.30380E+10
 3.00000 1.39052  6738.2  0.42090E+12  0.41881E+12  0.38985E+05  0.12917E+03  0.46317E+01  0.87951E+00  0.52823E+00  0.45701E+00  0.20880E+10
 3.00000 1.43975  6493.0  0.54407E+12  0.54256E+12  0.26050E+05  0.49104E+02  0.10955E+01  0.28352E+00  0.21048E+00  0.20363E+00  0.15094E+10
 3.00000 1.48610  6197.1  0.80784E+12  0.80674E+12  0.16401E+05  0.17316E+02  0.28480E+00  0.10804E+00  0.94197E-01  0.10010E+00  0.10909E+10
 3.00000 1.52972  5784.5  0.16284E+13  0.16277E+13  0.85921E+04  0.46407E+01  0.78048E-01  0.39424E-01  0.38562E-01  0.44275E-01  0.71626E+09

